	Valence	(SD)		Arousal	(SD)		Internal norms	(SD)		External norms	(SD)
A001.jpg	2.553	(5.43)		74.995	(22.06)		12.289	(29.83)		16.409	(31.96)
A002.jpg	45.698	(16.01)		56.948	(25.21)		75.412	(25.49)		78.69	(22.93)
A004.jpg	36.197	(25.63)		55.567	(30.98)		40.215	(40.99)		63.346	(42.37)
A005.jpg	43.439	(21.20)		48.905	(31.39)		51.039	(31.79)		40.093	(25.69)
A006.jpg	27.544	(16.81)		67.897	(19.94)		22.595	(17.77)		31.435	(29.01)
A007.jpg	9.945	(11.93)		80.94	(16.06)		11.803	(17.24)		6.987	(13.63)
A008.jpg	13.941	(13.51)		61.118	(26.81)		27.268	(24.34)		37.625	(29.97)
A009.jpg	12.554	(12.64)		68.251	(21.66)		16.115	(12.36)		20.963	(20.03)
A010.jpg	20.095	(25.93)		59.918	(31.95)		24.166	(29.78)		29.389	(35.20)
A011.jpg	15.314	(15.10)		65.202	(15.05)		35.949	(34.41)		52.69	(32.47)
A013.jpg	2.116	(2.90)		71.199	(18.97)		10.539	(15.80)		13.957	(26.47)
A014.jpg	13.449	(18.56)		68.205	(23.89)		15.984	(21.23)		23.873	(29.08)
A015.jpg	25.292	(21.74)		49.524	(23.90)		28.711	(25.34)		25.67	(21.07)
A016.jpg	26.328	(24.68)		54.657	(28.48)		33.143	(30.81)		36.415	(35.99)
A017.jpg	19.328	(15.71)		61.913	(20.34)		24.674	(26.20)		25.339	(24.91)
A018.jpg	2.951	(5.97)		80.254	(16.97)		17.75	(30.62)		24.115	(38.27)
A019.jpg	31.632	(21.75)		37.72	(30.06)		36.221	(25.70)		58.088	(32.10)
A020.jpg	43.921	(23.26)		54.832	(25.17)		56.36	(36.16)		62.151	(35.59)
A021.jpg	11.466	(20.12)		73.033	(22.48)		23.217	(27.60)		26.383	(35.07)
A022.jpg	24.95	(21.81)		53.276	(35.28)		26.677	(28.55)		32.958	(28.74)
A023.jpg	39.657	(31.69)		66.628	(18.08)		40.732	(32.93)		50.154	(29.50)
A024.jpg	42.079	(25.02)		47.688	(23.76)		45.545	(27.76)		51.37	(34.95)
A025.jpg	12.698	(14.30)		70.391	(26.36)		21.834	(22.86)		31.672	(31.81)
A026.jpg	31.85	(27.67)		49.613	(36.94)		33.044	(37.52)		35.123	(38.62)
A027.jpg	14.332	(16.09)		59.137	(27.25)		33.508	(37.72)		42.73	(38.54)
A028.jpg	25.728	(20.51)		52.844	(26.54)		36.375	(35.18)		47.434	(38.64)
A029.jpg	17.556	(28.12)		73.501	(26.33)		15.017	(29.75)		19.714	(29.17)
A030.jpg	3.492	(9.49)		74.032	(26.72)		9.947	(13.34)		23.429	(37.66)
A031.jpg	47.866	(27.81)		28.412	(27.01)		44.083	(36.34)		51.02	(35.22)
A032.jpg	22.335	(25.43)		65.62	(27.27)		13.35	(18.58)		17.191	(29.36)
A033.jpg	11.406	(13.99)		75.875	(19.23)		13.991	(15.65)		27.203	(31.54)
A034.jpg	14.541	(29.28)		63.938	(30.52)		14.975	(27.60)		16.244	(27.69)
A035.jpg	15.219	(18.99)		66.286	(26.02)		18.412	(24.75)		28.179	(33.52)
A036.jpg	10.099	(15.23)		69.008	(17.85)		18.174	(21.33)		23.487	(27.30)
A037.jpg	9.59	(13.43)		71.531	(22.60)		15.416	(22.53)		32.171	(33.46)
A038.jpg	7.107	(12.12)		77.493	(20.31)		14.177	(21.86)		19.192	(32.68)
A039.jpg	46.592	(37.86)		50.394	(32.10)		28.772	(34.42)		44.741	(43.22)
A040.jpg	13.283	(15.74)		63.131	(31.91)		18.317	(21.62)		25.147	(26.43)
A041.jpg	1.354	(1.81)		83.041	(21.62)		0.47	(0.86)		0.482	(0.89)
A042.jpg	15.551	(15.94)		66.332	(23.39)		20.967	(19.92)		41.322	(17.64)
A043.jpg	26.463	(22.86)		45.946	(25.06)		34.562	(28.73)		47.803	(32.51)
A044.jpg	27.904	(19.21)		59.438	(22.25)		24.683	(29.25)		33.258	(39.12)
A045.jpg	39.516	(28.39)		34.829	(36.69)		52.419	(40.40)		54.139	(40.75)
A047.jpg	14.422	(17.06)		64.758	(33.43)		18.475	(26.61)		22.527	(28.51)
A048.jpg	20.067	(12.01)		67.133	(16.37)		29.556	(25.67)		43.065	(30.05)
A049.jpg	20.805	(26.00)		63.986	(27.30)		22.501	(24.78)		28.587	(32.32)
A050.jpg	17.095	(22.53)		74.867	(30.20)		23.523	(30.06)		24.385	(31.22)
A051.jpg	10.249	(12.78)		51.488	(30.09)		11.716	(13.12)		32.536	(37.16)
A052.jpg	33.874	(33.87)		45.797	(30.26)		33.898	(36.80)		31.164	(33.51)
A053.jpg	43.374	(25.28)		42.124	(26.62)		56.632	(23.73)		63.842	(30.27)
A054.jpg	31.094	(34.05)		65.351	(32.03)		39.76	(35.25)		47.125	(40.57)
A055.jpg	9.603	(7.85)		78.258	(27.76)		6.424	(8.55)		9.091	(13.81)
A056.jpg	17.083	(14.87)		59.645	(32.62)		14.256	(13.56)		11.114	(11.30)
A057.jpg	14.193	(13.91)		52.694	(29.29)		19.866	(22.03)		44.24	(35.13)
A058.jpg	23.977	(21.29)		62.866	(27.55)		32.292	(29.52)		39.608	(34.53)
A059.jpg	49.51	(29.85)		48.027	(33.14)		48.824	(40.02)		54.875	(34.93)
A060.jpg	31.445	(14.65)		58.323	(28.45)		36.473	(21.75)		43.87	(26.41)
A061.jpg	21.038	(14.76)		41.819	(30.72)		28.021	(14.28)		47.431	(26.06)
A062.jpg	13.92	(16.23)		67.251	(28.66)		15.586	(18.16)		23.933	(27.39)
A063.jpg	32.471	(21.33)		48.632	(27.64)		41.555	(36.45)		46.855	(39.20)
A064.jpg	34.857	(33.18)		61.277	(34.24)		31.719	(40.38)		33.843	(43.48)
A067.jpg	24.387	(20.14)		56.758	(20.07)		30.194	(23.38)		44.361	(29.41)
A068.jpg	11.99	(14.19)		71.169	(21.56)		28.965	(29.70)		37.702	(34.03)
A069.jpg	15.834	(14.34)		63.027	(21.47)		14.01	(9.26)		28.698	(31.33)
A070.jpg	15.536	(13.39)		66.856	(24.85)		25.63	(21.94)		25.563	(16.25)
A071.jpg	5.957	(6.12)		68.24	(29.01)		23.185	(33.50)		19.394	(32.68)
A072.jpg	24.545	(16.54)		62.188	(22.12)		34.37	(26.70)		44.374	(29.13)
A073.jpg	11.092	(15.85)		63.592	(35.84)		15.726	(19.97)		20.801	(25.19)
A074.jpg	18.235	(19.37)		61.251	(30.63)		17.052	(19.10)		24.853	(24.85)
A075.jpg	0.414	(0.99)		89.04	(11.66)		0.363	(0.85)		0.454	(1.09)
A076.jpg	18.368	(17.80)		60.1	(27.87)		24.868	(22.25)		41.566	(34.23)
A077.jpg	17.551	(13.15)		48.588	(29.60)		14.779	(14.12)		39.103	(37.59)
A078.jpg	37.075	(24.10)		40.249	(32.81)		35.764	(33.94)		47.272	(38.80)
A079.jpg	7.469	(11.09)		70.881	(20.91)		17.298	(27.80)		22.371	(30.82)
A080.jpg	45.656	(28.58)		38.796	(27.88)		64.856	(27.84)		59.46	(24.89)
A081.jpg	28.797	(15.38)		40.305	(25.07)		35.637	(23.09)		56.022	(34.47)
A082.jpg	34.795	(27.66)		54.998	(29.03)		24.799	(30.09)		16.502	(22.52)
A083.jpg	7.076	(8.80)		82.561	(11.91)		16.231	(20.48)		26.041	(28.27)
A084.jpg	21.07	(17.25)		63.252	(21.92)		35.738	(27.22)		61.993	(24.81)
A085.jpg	18.306	(14.23)		51.204	(29.18)		21.906	(18.72)		41.956	(35.41)
A086.jpg	28.049	(13.33)		55.313	(18.77)		27.664	(11.12)		51.603	(30.01)
A087.jpg	16.036	(12.40)		63.062	(19.61)		14.837	(10.80)		38.043	(30.35)
A088.jpg	29.996	(16.22)		59.618	(14.56)		33.439	(19.21)		48.405	(29.40)
A089.jpg	3.07	(5.63)		83.622	(19.05)		10.172	(14.20)		22.248	(33.87)
A090.jpg	40.316	(17.45)		44.198	(22.68)		34.663	(11.75)		59.121	(26.67)
A091.jpg	10.828	(10.14)		75.485	(16.24)		19.081	(13.27)		35.764	(25.84)
A092.jpg	23.414	(25.86)		54.615	(31.97)		17.264	(19.55)		33.172	(25.94)
A093.jpg	9.178	(13.40)		57.255	(34.71)		9.716	(15.21)		22.308	(32.84)
A094.jpg	43.176	(19.57)		36.831	(25.30)		66.265	(28.34)		69.856	(31.26)
A095.jpg	6.366	(8.16)		74.934	(15.68)		19.205	(26.08)		29.149	(32.55)
A097.jpg	8.238	(17.70)		74.02	(25.61)		23.351	(32.51)		29.943	(36.34)
A098.jpg	17.543	(13.70)		58.951	(34.49)		44.986	(29.58)		48.292	(30.64)
A099.jpg	10.28	(11.56)		67.766	(27.65)		21.47	(26.17)		26.501	(36.10)
A100.jpg	1.723	(5.57)		82.476	(16.36)		17.361	(29.26)		19.711	(33.28)
A101.jpg	13.144	(15.07)		69.883	(18.26)		20.454	(18.27)		38.163	(33.13)
A102.jpg	44.106	(29.26)		40.174	(34.48)		53.137	(34.15)		56.94	(34.64)
A103.jpg	11.693	(12.11)		56.407	(25.87)		22.987	(21.93)		31.626	(29.28)
A104.jpg	10.215	(10.63)		63.457	(22.04)		24.067	(18.77)		30.557	(26.79)
A105.jpg	30.428	(16.35)		43.906	(37.34)		38.424	(34.24)		42.866	(37.12)
A106.jpg	12.73	(19.52)		70.549	(21.49)		15.306	(23.04)		22.335	(32.44)
A107.jpg	25.357	(23.94)		50.77	(29.17)		32.668	(21.79)		60.781	(33.39)
A108.jpg	44.751	(12.65)		46.579	(22.18)		55.166	(24.18)		77.061	(21.64)
A109.jpg	39.678	(22.78)		50.127	(23.89)		56.853	(29.69)		68.049	(29.47)
A110.jpg	17.207	(15.94)		53.442	(24.73)		18.051	(13.28)		27.649	(28.16)
A111.jpg	26.455	(27.18)		55.001	(32.30)		23.27	(21.71)		30.435	(32.69)
A112.jpg	27.575	(23.19)		51.536	(35.93)		29.962	(41.21)		38.902	(39.74)
A113.jpg	10.053	(14.15)		67.334	(22.37)		12.492	(16.51)		23.16	(31.61)
A114.jpg	23.414	(14.74)		54.116	(26.15)		28.995	(21.41)		51.112	(33.94)
A115.jpg	16.12	(17.10)		74.747	(16.40)		24.222	(30.56)		26.536	(32.21)
A116.jpg	10.928	(11.16)		72.923	(23.31)		14.828	(13.79)		23.262	(25.94)
A117.jpg	11.872	(14.65)		62.752	(22.23)		22.271	(28.73)		47.81	(36.85)
A118.jpg	25.933	(13.16)		62.276	(19.65)		26.73	(13.29)		44.099	(24.80)
A119.jpg	18.398	(24.10)		67.636	(24.91)		17.008	(24.91)		23.908	(35.68)
A120.jpg	12.011	(13.00)		71.41	(12.34)		21.094	(16.12)		32.849	(29.73)
A121.jpg	14.531	(13.60)		61.043	(21.53)		16.392	(14.33)		38.539	(30.59)
A122.jpg	33.782	(24.11)		43.149	(27.91)		40.534	(33.75)		54.756	(39.02)
A123.jpg	22.219	(22.01)		61.983	(24.43)		27.874	(28.33)		45.82	(37.53)
A124.jpg	47.95	(26.57)		48.518	(26.75)		58.728	(25.90)		71.191	(27.20)
A125.jpg	10.435	(13.85)		73.231	(17.88)		11.102	(15.16)		25.56	(27.44)
A127.jpg	13.462	(14.59)		58.438	(20.27)		19.802	(15.02)		33.52	(28.98)
A128.jpg	14.139	(15.91)		76.389	(15.94)		15.029	(16.61)		21.021	(24.25)
A129.jpg	23.941	(20.17)		44.639	(33.50)		31.249	(28.02)		37.024	(28.01)
A130.jpg	33.688	(22.50)		48.936	(29.87)		39.246	(33.04)		42.938	(28.12)
A131.jpg	13.615	(14.62)		62.057	(24.89)		17.352	(21.35)		32.603	(37.00)
											
											
											
											
											
