	Valence	(SD)		Arousal	(SD)
Sp001.jpg	31.857	(29.12)		56.361	(38.19)
Sp002.jpg	23.374	(29.50)		66.869	(33.87)
Sp003.jpg	32.136	(32.26)		64.065	(24.69)
Sp004.jpg	37.378	(32.54)		67.745	(32.00)
Sp005.jpg	40.764	(28.32)		42.382	(24.22)
Sp006.jpg	49.791	(27.81)		49.361	(18.41)
Sp007.jpg	51.583	(26.92)		42.101	(19.13)
Sp008.jpg	26.912	(17.58)		57.888	(27.61)
Sp009.jpg	11.844	(17.21)		70.974	(28.80)
Sp010.jpg	38.228	(27.51)		51.307	(27.31)
Sp011.jpg	31.18	(29.09)		64.414	(32.93)
Sp012.jpg	32.508	(33.73)		72.958	(27.47)
Sp013.jpg	35.673	(27.99)		51.38	(29.84)
Sp014.jpg	51.97	(25.95)		51.997	(19.73)
Sp015.jpg	24.74	(26.05)		68.271	(20.96)
Sp016.jpg	38.148	(25.56)		43.483	(28.03)
Sp017.jpg	42.377	(26.71)		51.391	(33.19)
Sp018.jpg	35.673	(25.80)		56.235	(33.47)
Sp019.jpg	30.91	(30.25)		67.041	(36.10)
Sp020.jpg	29.917	(19.66)		64.457	(27.68)
Sp021.jpg	31.146	(32.08)		70.186	(23.90)
Sp022.jpg	36.036	(31.56)		62.406	(27.51)
Sp023.jpg	51.451	(24.23)		41.216	(19.53)
Sp024.jpg	53.512	(24.62)		52.124	(17.12)
Sp025.jpg	20.997	(28.98)		68.298	(28.20)
Sp026.jpg	29.356	(34.65)		69.054	(27.41)
Sp027.jpg	40.083	(21.46)		55.467	(31.13)
Sp028.jpg	34.361	(32.01)		59.82	(26.42)
Sp029.jpg	34.873	(27.65)		56.065	(36.04)
Sp030.jpg	24.166	(29.49)		62.126	(32.48)
Sp031.jpg	43.769	(25.23)		44.188	(28.36)
Sp032.jpg	40.918	(20.84)		46.867	(22.60)
Sp033.jpg	36.373	(27.39)		58.314	(36.73)
Sp034.jpg	35.625	(21.28)		55.613	(27.81)
Sp035.jpg	37.889	(30.04)		56.292	(34.87)
Sp036.jpg	44.042	(31.36)		51.901	(34.76)
Sp037.jpg	33.913	(33.00)		72.576	(19.00)
Sp038.jpg	43.835	(24.85)		39.574	(27.02)
Sp039.jpg	46.733	(27.48)		55.107	(21.22)
Sp040.jpg	53.444	(20.02)		46.437	(26.11)
Sp041.jpg	35.575	(36.76)		64.064	(26.85)
Sp042.jpg	32.808	(29.02)		54.134	(32.54)
Sp043.jpg	54.91	(26.74)		43.072	(23.73)
Sp044.jpg	48.162	(23.97)		67.493	(16.96)
Sp045.jpg	49.097	(25.61)		50.027	(19.92)
Sp046.jpg	35.729	(29.96)		47.421	(35.99)
Sp047.jpg	38.997	(30.28)		43.825	(28.22)
Sp048.jpg	37.856	(39.96)		61.403	(33.43)
Sp049.jpg	43.608	(37.35)		62.724	(26.53)
Sp050.jpg	40.933	(32.58)		56.993	(32.77)
Sp051.jpg	12.158	(17.96)		74.854	(29.50)
Sp052.jpg	19.139	(27.54)		78.343	(17.36)
Sp053.jpg	34.501	(34.61)		60.087	(34.13)
Sp054.jpg	30.705	(30.44)		69.247	(20.22)
Sp055.jpg	26.366	(29.85)		58.479	(34.18)
Sp056.jpg	54.797	(22.40)		57.648	(16.08)
Sp057.jpg	23.552	(30.36)		62.964	(34.67)
Sp058.jpg	33.384	(24.17)		54.946	(26.87)
Sp060.jpg	36.748	(36.97)		56.758	(35.54)
Sp061.jpg	34.931	(22.66)		54.99	(24.76)
Sp062.jpg	28.596	(27.24)		68.999	(26.53)
Sp063.jpg	26.43	(25.82)		64.365	(35.38)
Sp064.jpg	36.696	(25.70)		57.856	(19.75)
Sp065.jpg	49.12	(27.66)		54.088	(26.22)
Sp066.jpg	35.582	(22.34)		55.502	(30.91)
Sp067.jpg	38.591	(32.27)		50.349	(30.01)
Sp068.jpg	49.301	(28.12)		42.852	(27.30)
Sp069.jpg	22.636	(20.44)		66.282	(23.05)
Sp070.jpg	51.944	(28.59)		48.615	(21.85)
Sp071.jpg	34.569	(29.67)		64.425	(26.37)
Sp072.jpg	19.713	(19.79)		65.632	(25.94)
Sp073.jpg	32.112	(29.97)		65.545	(23.17)
Sp074.jpg	35.794	(30.26)		50.196	(43.11)
Sp075.jpg	24.465	(22.72)		60.271	(34.90)
Sp076.jpg	51.797	(26.86)		45.569	(20.40)
Sp077.jpg	30.127	(32.67)		66.698	(27.98)
Sp078.jpg	36.595	(29.21)		43.045	(27.44)
Sp079.jpg	34.318	(33.75)		50.307	(37.92)
Sp080.jpg	31.726	(34.25)		69.93	(19.20)
Sp081.jpg	13.635	(18.42)		71.687	(13.31)
Sp082.jpg	35.32	(25.42)		53.667	(24.16)
Sp083.jpg	32.58	(19.36)		50.864	(23.63)
Sp084.jpg	33.355	(39.62)		67.038	(27.00)
Sp085.jpg	33.795	(29.87)		54.77	(34.49)
Sp086.jpg	37.716	(36.86)		64.612	(26.97)
Sp087.jpg	20.601	(28.83)		73.792	(25.24)
Sp088.jpg	53.1	(30.41)		52.275	(22.11)
Sp089.jpg	38.215	(29.21)		50.932	(25.99)
Sp090.jpg	37.122	(31.50)		54.526	(40.53)
Sp091.jpg	22.677	(30.33)		58.664	(30.03)
Sp093.jpg	42.436	(30.88)		46.128	(40.27)
Sp094.jpg	44.767	(25.30)		40.313	(25.49)
Sp095.jpg	40.349	(26.63)		38.746	(20.98)
Sp096.jpg	22.049	(25.01)		68.313	(33.25)
Sp097.jpg	13.06	(18.36)		69.945	(27.58)
Sp098.jpg	38.027	(25.05)		44.185	(29.14)
Sp099.jpg	11.789	(17.27)		69.812	(27.77)
Sp100.jpg	57.013	(22.15)		38.768	(20.77)
Sp101.jpg	17.459	(28.90)		69.368	(26.81)
Sp102.jpg	44.079	(21.43)		51.829	(18.04)
Sp103.jpg	51.746	(28.56)		50.343	(16.88)
Sp104.jpg	56.83	(28.95)		53.19	(20.66)
Sp105.jpg	46.17	(29.47)		41.662	(29.17)
Sp106.jpg	21.516	(30.08)		60.854	(37.84)
Sp107.jpg	41.355	(25.87)		37.385	(26.50)
Sp108.jpg	42.826	(21.11)		65.33	(19.10)
Sp109.jpg	55.103	(25.13)		46.061	(24.62)
Sp110.jpg	39.684	(23.98)		38.699	(24.93)
Sp111.jpg	39.205	(26.62)		37.435	(22.13)
Sp112.jpg	40.752	(23.90)		44.982	(26.43)
Sp113.jpg	24.453	(29.14)		65.273	(31.79)
Sp114.jpg	50.125	(35.92)		49.21	(36.09)
Sp115.jpg	39.052	(35.12)		69.371	(26.40)
Sp116.jpg	38.081	(30.76)		53.709	(31.17)
Sp117.jpg	31.788	(22.06)		56.324	(28.28)
Sp118.jpg	37.686	(31.07)		58.542	(30.27)
Sp119.jpg	33.877	(29.77)		61.809	(28.20)
Sp120.jpg	50.243	(22.43)		49.381	(26.14)
Sp121.jpg	53.435	(27.23)		43.119	(25.93)
Sp122.jpg	34.757	(28.25)		64.406	(25.11)
Sp123.jpg	45.158	(30.11)		43.88	(26.84)
Sp124.jpg	10.259	(16.38)		73.425	(24.49)
Sp125.jpg	14.139	(16.45)		68.94	(21.85)
Sp126.jpg	21.393	(26.58)		76.614	(26.62)
Sp127.jpg	11.653	(17.26)		70.602	(27.22)
Sp128.jpg	17.09	(18.48)		72.407	(18.88)
Sp129.jpg	27.226	(21.29)		55.858	(34.63)
Sp130.jpg	36.815	(28.35)		54.273	(29.17)
Sp131.jpg	18.533	(19.84)		78.285	(20.26)
Sp132.jpg	19.904	(23.58)		72.383	(35.44)
Sp133.jpg	32.758	(33.19)		64.343	(22.93)
Sp134.jpg	32.399	(26.06)		56.911	(26.77)
Sp135.jpg	34.361	(31.37)		63.989	(31.94)
Sp136.jpg	9.521	(16.27)		78.436	(21.72)
Sp137.jpg	36.803	(33.17)		53.799	(41.27)
Sp138.jpg	33.038	(31.76)		64.939	(25.63)
Sp139.jpg	27.444	(33.85)		66.495	(26.85)
Sp140.jpg	54.253	(26.37)		47.416	(25.22)
Sp141.jpg	33.244	(38.29)		71.069	(30.09)
Sp142.jpg	55.824	(26.50)		57.432	(26.89)
Sp143.jpg	36.412	(28.36)		55.752	(33.99)
Sp144.jpg	29.995	(37.18)		68.588	(29.91)
Sp145.jpg	26.516	(26.88)		65.684	(31.82)
Sp146.jpg	27.499	(26.35)		69.825	(31.91)
Sp147.jpg	23.422	(24.98)		74.484	(22.56)
Sp148.jpg	44.716	(31.00)		63.822	(23.51)
Sp149.jpg	36.9	(25.98)		59.526	(25.23)
Sp150.jpg	34.059	(29.90)		46.308	(27.71)
Sp151.jpg	13.101	(16.81)		67.15	(24.62)
Sp152.jpg	32.774	(26.74)		61.638	(35.62)
Sp153.jpg	11.817	(16.81)		74.541	(29.13)
Sp154.jpg	20.737	(26.25)		70.882	(27.48)
Sp155.jpg	53.348	(24.15)		51.338	(22.98)
Sp156.jpg	39.626	(32.97)		54.421	(38.91)
Sp157.jpg	32.313	(33.89)		64.81	(35.02)
Sp158.jpg	40.406	(26.34)		44.13	(24.80)
Sp159.jpg	55.637	(24.05)		44.821	(22.96)
Sp160.jpg	35.905	(37.09)		68.265	(25.69)
